X, A*, manhattan, 15Puzzle, "7 15 8 2 13 6 3 12 11 0 4 10 9 5 1 14 ", 53, 6146856, 5.533374, 1.11087e+06
X, A*, manhattan, 15Puzzle, "13 5 4 10 9 12 8 14 2 3 7 1 0 15 11 6 ", 55, 13379858, 12.406820, 1.07843e+06
X, A*, manhattan, 15Puzzle, "14 13 15 7 11 12 9 5 6 0 2 1 4 8 10 3 ", 57, 125073027, 129.711297, 9.64242e+05
X, A*, manhattan, 15Puzzle, "4 7 14 13 10 3 9 12 11 5 6 15 1 2 8 0 ", 56, 12074500, 11.026979, 1.09500e+06
X, A*, manhattan, 15Puzzle, "5 12 10 7 15 11 14 0 8 2 1 13 3 4 9 6 ", 56, 33478454, 32.336658, 1.03531e+06
X, A*, manhattan, 15Puzzle, "14 7 8 2 13 11 10 4 9 12 5 0 3 6 1 15 ", 59, 124428248, 125.617450, 9.90533e+05
X, A*, manhattan, 15Puzzle, "14 7 1 9 12 3 6 15 8 11 2 5 10 0 4 13 ", 52, 11857292, 11.241869, 1.05474e+06
X, A*, manhattan, 15Puzzle, "12 11 15 3 8 0 4 2 6 13 9 5 14 1 10 7 ", 50, 14961551, 14.225167, 1.05177e+06
X, A*, manhattan, 15Puzzle, "2 11 15 5 13 4 6 7 12 8 10 1 9 3 14 0 ", 52, 35362686, 34.777791, 1.01682e+06
X, A*, manhattan, 15Puzzle, "3 14 9 11 5 4 8 2 13 12 6 7 10 1 15 0 ", 46, 2671887, 2.429868, 1.09960e+06
X, A*, manhattan, 15Puzzle, "5 9 13 14 6 3 7 12 10 8 4 0 15 2 11 1 ", 57, 26766135, 25.196126, 1.06231e+06
X, A*, manhattan, 15Puzzle, "13 11 8 9 0 15 7 10 4 3 6 14 5 12 2 1 ", 59, 65128574, 63.363060, 1.02786e+06
X, A*, manhattan, 15Puzzle, "14 1 9 6 4 8 12 5 7 2 3 0 10 11 13 15 ", 45, 194445, 0.146573, 1.32661e+06
X, A*, manhattan, 15Puzzle, "3 6 5 2 10 0 15 14 1 4 13 12 9 8 11 7 ", 46, 6320384, 5.876035, 1.07562e+06
X, A*, manhattan, 15Puzzle, "7 6 8 1 11 5 14 10 3 4 9 13 15 2 0 12 ", na, na, na, na
X, A*, manhattan, 15Puzzle, "1 3 2 5 10 9 15 6 8 14 13 11 12 4 7 0 ", 42, 5022185, 4.915599, 1.02168e+06
X, A*, manhattan, 15Puzzle, "13 11 4 12 1 8 9 15 6 5 14 2 7 3 10 0 ", na, na, na, na
X, A*, manhattan, 15Puzzle, "7 11 8 3 14 0 6 15 1 4 13 9 5 12 2 10 ", 46, 945907, 0.782609, 1.20866e+06
X, A*, manhattan, 15Puzzle, "6 12 11 3 13 7 9 15 2 14 8 10 4 1 5 0 ", 52, 12911691, 11.802301, 1.09400e+06
X, A*, manhattan, 15Puzzle, "6 0 14 12 1 15 9 10 11 4 7 2 8 3 5 13 ", 55, 15107877, 13.865163, 1.08963e+06
X, A*, manhattan, 15Puzzle, "10 9 3 11 0 13 2 14 5 6 4 7 8 15 1 12 ", 49, 12162749, 11.684823, 1.04090e+06
X, A*, manhattan, 15Puzzle, "12 8 14 6 11 4 7 0 5 1 10 15 3 13 9 2 ", 54, 28644612, 28.412711, 1.00816e+06
X, A*, manhattan, 15Puzzle, "14 3 9 1 15 8 4 5 11 7 10 13 0 2 12 6 ", 59, 68408405, 67.416825, 1.01471e+06
X, A*, manhattan, 15Puzzle, "7 3 14 13 4 1 10 8 5 12 9 11 2 15 6 0 ", 54, 28327224, 27.857523, 1.01686e+06
X, A*, manhattan, 15Puzzle, "11 4 2 7 1 0 10 15 6 9 14 8 3 13 5 12 ", 52, 32461366, 32.158377, 1.00942e+06
X, A*, manhattan, 15Puzzle, "5 7 3 12 15 13 14 8 0 10 9 6 1 4 2 11 ", 58, 67068845, 67.353266, 9.95777e+05
X, A*, manhattan, 15Puzzle, "13 14 6 12 4 5 1 0 9 3 10 2 15 11 8 7 ", 52, 3969179, 3.497078, 1.13500e+06
X, A*, manhattan, 15Puzzle, "9 8 0 2 15 1 4 14 3 10 7 5 11 13 6 12 ", 54, 17123780, 16.071656, 1.06546e+06
X, A*, manhattan, 15Puzzle, "14 1 8 15 2 6 0 3 9 12 10 13 4 7 5 11 ", 53, 58095992, 57.756109, 1.00588e+06
X, A*, manhattan, 15Puzzle, "12 15 2 6 1 14 4 8 5 3 7 0 10 13 9 11 ", 47, 1522306, 1.287278, 1.18258e+06
X, A*, manhattan, 15Puzzle, "12 8 15 13 1 0 5 4 6 3 2 11 9 7 14 10 ", 50, 2594922, 2.290517, 1.13290e+06
X, A*, manhattan, 15Puzzle, "14 10 9 4 13 6 5 8 2 12 7 0 1 3 11 15 ", 59, 124028706, 125.858111, 9.85465e+05
X, A*, manhattan, 15Puzzle, "6 11 7 8 13 2 5 4 1 10 3 9 14 0 12 15 ", 52, 13709810, 12.734134, 1.07662e+06
X, A*, manhattan, 15Puzzle, "1 6 12 14 3 2 15 8 4 5 13 9 0 7 11 10 ", 55, 46209643, 46.598521, 9.91655e+05
X, A*, manhattan, 15Puzzle, "14 3 5 15 11 6 13 9 0 10 2 12 4 1 7 8 ", 60, 130117490, 133.811422, 9.72394e+05
X, A*, manhattan, 15Puzzle, "9 0 4 10 1 14 15 3 12 6 5 7 11 13 8 2 ", 49, 11556161, 11.253333, 1.02691e+06
X, A*, manhattan, 15Puzzle, "12 6 0 4 7 3 15 1 13 9 8 11 2 14 5 10 ", 52, 20198734, 20.016510, 1.00910e+06
X, A*, manhattan, 15Puzzle, "8 1 7 12 11 0 10 5 9 15 6 13 14 2 3 4 ", 58, 68220353, 68.857698, 9.90744e+05
X, A*, manhattan, 15Puzzle, "4 5 7 2 9 14 12 13 0 3 6 11 8 1 15 10 ", 42, 402793, 0.320064, 1.25848e+06
X, A*, manhattan, 15Puzzle, "8 13 10 9 11 3 15 6 0 1 2 14 12 5 4 7 ", 54, 28964190, 27.972806, 1.03544e+06
X, A*, manhattan, 15Puzzle, "11 5 1 14 4 12 10 0 2 7 13 3 9 15 6 8 ", 54, 31808002, 31.132307, 1.02170e+06
X, A*, manhattan, 15Puzzle, "3 14 9 7 12 15 0 4 1 8 5 6 11 10 2 13 ", 51, 3747124, 3.455529, 1.08439e+06
X, A*, manhattan, 15Puzzle, "12 9 0 6 8 3 5 14 2 4 11 7 10 1 15 13 ", 50, 15953299, 15.324464, 1.04103e+06
X, A*, manhattan, 15Puzzle, "11 15 14 13 1 9 10 4 3 6 2 12 7 5 8 0 ", 64, 28910950, 26.685607, 1.08339e+06
X, A*, manhattan, 15Puzzle, "8 11 4 6 7 3 10 9 2 12 15 13 0 1 5 14 ", 49, 1705525, 1.460854, 1.16748e+06
X, A*, manhattan, 15Puzzle, "6 10 1 14 15 8 3 5 13 0 2 7 4 9 11 12 ", 47, 1761633, 1.521008, 1.15820e+06
X, A*, manhattan, 15Puzzle, "8 4 6 1 14 12 2 15 13 10 9 5 3 7 0 11 ", 49, 12358915, 11.646361, 1.06118e+06
X, A*, manhattan, 15Puzzle, "12 5 13 11 2 10 0 9 7 8 4 3 14 6 15 1 ", 53, 7788996, 7.093254, 1.09809e+06
X, A*, manhattan, 15Puzzle, "10 2 8 4 15 0 1 14 11 13 3 6 9 7 5 12 ", 56, 14672177, 13.527496, 1.08462e+06
X, A*, manhattan, 15Puzzle, "10 0 2 4 5 1 6 12 11 13 9 7 15 3 14 8 ", na, na, na, na
X, A*, manhattan, 15Puzzle, "12 11 0 8 10 2 13 15 5 4 7 3 6 9 14 1 ", 56, 51431937, 51.806740, 9.92765e+05
X, A*, manhattan, 15Puzzle, "10 8 0 12 3 7 6 2 1 14 4 11 15 13 9 5 ", 56, 60469352, 61.054240, 9.90420e+05
X, A*, manhattan, 15Puzzle, "14 9 12 13 15 4 8 10 0 2 1 7 3 11 5 6 ", na, na, na, na
X, A*, manhattan, 15Puzzle, "13 8 14 3 9 1 0 7 15 5 4 10 12 2 6 11 ", 41, 359489, 0.295240, 1.21762e+06
X, A*, manhattan, 15Puzzle, "5 11 6 9 4 13 12 0 8 2 15 10 1 7 3 14 ", 50, 4029241, 3.495154, 1.15281e+06
X, A*, manhattan, 15Puzzle, "3 15 2 5 11 6 4 7 12 9 1 0 13 14 10 8 ", na, na, na, na
X, A*, manhattan, 15Puzzle, "5 0 15 8 4 6 1 14 10 11 3 9 7 12 2 13 ", 51, 4228887, 3.794377, 1.11451e+06
X, A*, manhattan, 15Puzzle, "15 14 6 7 10 1 0 11 12 8 4 9 2 5 13 3 ", na, na, na, na
X, A*, manhattan, 15Puzzle, "11 14 13 1 2 3 12 4 15 7 9 5 10 6 8 0 ", na, na, na, na
X, A*, manhattan, 15Puzzle, "6 13 3 2 11 9 5 10 1 7 12 14 8 4 0 15 ", 45, 3355672, 2.995935, 1.12008e+06
X, A*, manhattan, 15Puzzle, "4 6 12 0 14 2 9 13 11 8 3 15 7 10 1 5 ", 57, 22016263, 20.994164, 1.04868e+06
X, A*, manhattan, 15Puzzle, "8 10 9 11 14 1 7 15 13 4 0 12 6 2 5 3 ", 56, 125922565, 131.948389, 9.54332e+05
X, A*, manhattan, 15Puzzle, "7 8 3 2 10 12 4 6 11 13 5 15 0 1 9 14 ", 47, 7108645, 6.652886, 1.06851e+06
X, A*, manhattan, 15Puzzle, "5 2 14 0 7 8 6 3 11 12 13 15 4 10 9 1 ", 51, 34761530, 34.949713, 9.94616e+05
X, A*, manhattan, 15Puzzle, "11 6 14 12 3 5 1 15 8 0 10 13 9 7 4 2 ", na, na, na, na
X, A*, manhattan, 15Puzzle, "6 0 5 15 1 14 4 9 2 13 8 10 11 12 7 3 ", 53, 35582524, 36.020774, 9.87833e+05
X, A*, manhattan, 15Puzzle, "7 3 1 13 12 10 5 2 8 0 6 11 14 15 4 9 ", 51, 44391912, 46.254665, 9.59728e+05
X, A*, manhattan, 15Puzzle, "7 1 2 4 8 3 6 11 10 15 0 5 14 12 13 9 ", 50, 54216458, 56.800709, 9.54503e+05
X, A*, manhattan, 15Puzzle, "5 7 0 11 12 1 9 10 15 6 2 3 8 4 13 14 ", 44, 3364372, 3.041232, 1.10625e+06
X, A*, manhattan, 15Puzzle, "15 1 3 12 4 0 6 5 2 8 14 9 13 10 7 11 ", 52, 34159985, 33.689634, 1.01396e+06
X, A*, manhattan, 15Puzzle, "12 15 11 10 4 5 14 0 13 7 1 2 9 8 3 6 ", na, na, na, na
X, A*, manhattan, 15Puzzle, "6 14 10 5 15 8 7 1 3 4 2 0 12 9 11 13 ", 49, 1854723, 1.556402, 1.19167e+06
X, A*, manhattan, 15Puzzle, "14 13 4 11 15 8 6 9 0 7 3 1 2 10 12 5 ", 56, 4526682, 3.834109, 1.18063e+06
X, A*, manhattan, 15Puzzle, "14 4 0 10 6 5 1 3 9 2 13 15 12 7 8 11 ", 48, 16252695, 15.536476, 1.04610e+06
X, A*, manhattan, 15Puzzle, "3 14 13 6 4 15 8 9 5 12 10 0 2 7 1 11 ", 53, 5745736, 7.094062, 8.09936e+05
X, A*, manhattan, 15Puzzle, "0 13 2 4 12 14 6 9 15 1 10 3 11 5 8 7 ", 54, 13904044, 13.031458, 1.06696e+06
X, A*, manhattan, 15Puzzle, "15 10 8 3 0 6 9 5 1 14 13 11 7 2 12 4 ", 57, 60588924, 62.618573, 9.67587e+05
X, A*, manhattan, 15Puzzle, "0 1 9 7 11 13 5 3 14 12 4 2 8 6 10 15 ", 42, 633670, 0.527233, 1.20188e+06
X, A*, manhattan, 15Puzzle, "13 0 9 12 11 6 3 5 15 8 1 10 4 14 2 7 ", 53, 6000793, 5.491062, 1.09283e+06
X, A*, manhattan, 15Puzzle, "11 0 15 8 13 12 3 5 10 1 4 6 14 9 7 2 ", 57, 37543414, 37.024654, 1.01401e+06
X, A*, manhattan, 15Puzzle, "12 3 9 1 4 5 10 2 6 11 15 0 14 7 13 8 ", 49, 18214391, 18.203648, 1.00059e+06
X, A*, manhattan, 15Puzzle, "15 8 10 7 0 12 14 1 5 9 6 3 13 11 4 2 ", 55, 88182656, 91.966854, 9.58853e+05
X, A*, manhattan, 15Puzzle, "14 10 2 1 13 9 8 11 7 3 6 12 15 5 4 0 ", na, na, na, na
X, A*, manhattan, 15Puzzle, "4 7 13 10 1 2 9 6 12 8 14 5 3 0 11 15 ", 44, 840604, 0.685231, 1.22675e+06
X, A*, manhattan, 15Puzzle, "6 0 5 10 11 12 9 2 1 7 4 3 14 8 13 15 ", 45, 1689981, 1.438525, 1.17480e+06
X, A*, manhattan, 15Puzzle, "9 5 11 10 13 0 2 1 8 6 14 12 4 7 3 15 ", 52, 26927925, 26.546208, 1.01438e+06
X, A*, manhattan, 15Puzzle, "5 4 7 1 11 12 14 15 10 13 8 6 2 0 9 3 ", 50, 7117877, 6.596313, 1.07907e+06
X, A*, manhattan, 15Puzzle, "11 1 7 4 10 13 3 8 9 14 0 15 6 5 2 12 ", 54, 25737176, 25.010888, 1.02904e+06
X, A*, manhattan, 15Puzzle, "15 2 12 11 14 13 9 5 1 3 8 7 0 10 6 4 ", na, na, na, na
X, A*, manhattan, 15Puzzle, "13 9 14 6 12 8 1 2 3 4 0 7 5 10 11 15 ", 46, 1799536, 1.545292, 1.16453e+06
X, A*, manhattan, 15Puzzle, "3 2 7 9 0 15 12 4 6 11 5 14 8 13 10 1 ", na, na, na, na
X, A*, manhattan, 15Puzzle, "9 7 5 2 14 15 12 10 11 3 6 1 8 13 0 4 ", 57, 120382538, 123.355879, 9.75896e+05
X, A*, manhattan, 15Puzzle, "5 7 11 8 0 14 9 13 10 12 3 15 6 1 4 2 ", 53, 843984, 0.658025, 1.28260e+06
X, A*, manhattan, 15Puzzle, "4 3 6 13 7 15 9 0 10 5 8 11 2 12 1 14 ", 50, 6240186, 5.626716, 1.10903e+06
X, A*, manhattan, 15Puzzle, "1 7 15 14 2 6 4 9 12 11 13 3 0 8 5 10 ", 49, 7824545, 7.158184, 1.09309e+06
X, A*, manhattan, 15Puzzle, "9 14 5 7 8 15 1 2 10 4 13 6 12 0 11 3 ", 44, 2030749, 1.771701, 1.14621e+06
X, A*, manhattan, 15Puzzle, "7 15 4 0 10 9 2 5 12 11 13 6 1 3 14 8 ", 57, 51227463, 51.620260, 9.92391e+05
X, A*, manhattan, 15Puzzle, "0 11 3 12 5 2 1 9 8 10 14 15 7 4 13 6 ", 54, 56203766, 56.502233, 9.94718e+05
X, A*, manhattan, 15Puzzle, "11 4 0 8 6 10 5 13 12 7 14 3 1 2 9 15 ", 54, 29818212, 29.422487, 1.01345e+06
X, A*, manhattan, 15Puzzle, "15 14 0 4 11 1 6 13 7 5 8 9 3 2 10 12 ", na, na, na, na