grupo, algorithm, heuristic, domain, instance, cost, h0, generated, time, gen_per_sec
X, A*, manhattan, 15puzzle, "13 5 4 10 9 12 8 14 2 3 7 1 0 15 11 6 ", 55, 43, 4316380, 1.051142, 4.10637e+06
X, A*, manhattan, 15puzzle, "7 15 8 2 13 6 3 12 11 0 4 10 9 5 1 14 ", 53, 41, 6759421, 1.740344, 3.88396e+06
X, A*, manhattan, 15puzzle, "14 13 15 7 11 12 9 5 6 0 2 1 4 8 10 3 ", na, 41, na, na, na
X, A*, manhattan, 15puzzle, "4 7 14 13 10 3 9 12 11 5 6 15 1 2 8 0 ", 56, 42, 7024801, 1.738053, 4.04176e+06
X, A*, manhattan, 15puzzle, "5 12 10 7 15 11 14 0 8 2 1 13 3 4 9 6 ", 56, 42, 25844015, 6.766007, 3.81968e+06
X, A*, manhattan, 15puzzle, "14 7 8 2 13 11 10 4 9 12 5 0 3 6 1 15 ", na, 41, na, na, na
X, A*, manhattan, 15puzzle, "14 7 1 9 12 3 6 15 8 11 2 5 10 0 4 13 ", 52, 36, 8101071, 2.194430, 3.69165e+06
X, A*, manhattan, 15puzzle, "12 11 15 3 8 0 4 2 6 13 9 5 14 1 10 7 ", 50, 32, 16375274, 4.336427, 3.77621e+06
X, A*, manhattan, 15puzzle, "2 11 15 5 13 4 6 7 12 8 10 1 9 3 14 0 ", 52, 30, 18472104, 4.754661, 3.88505e+06
X, A*, manhattan, 15puzzle, "3 14 9 11 5 4 8 2 13 12 6 7 10 1 15 0 ", 46, 32, 934900, 0.216704, 4.31418e+06
X, A*, manhattan, 15puzzle, "5 9 13 14 6 3 7 12 10 8 4 0 15 2 11 1 ", 57, 43, 8981760, 2.179257, 4.12148e+06
X, A*, manhattan, 15puzzle, "13 11 8 9 0 15 7 10 4 3 6 14 5 12 2 1 ", na, 43, na, na, na
X, A*, manhattan, 15puzzle, "14 1 9 6 4 8 12 5 7 2 3 0 10 11 13 15 ", 45, 35, 297667, 0.065668, 4.53291e+06
X, A*, manhattan, 15puzzle, "3 6 5 2 10 0 15 14 1 4 13 12 9 8 11 7 ", 46, 36, 3069039, 0.686658, 4.46953e+06
X, A*, manhattan, 15puzzle, "7 6 8 1 11 5 14 10 3 4 9 13 15 2 0 12 ", na, 41, na, na, na
X, A*, manhattan, 15puzzle, "1 3 2 5 10 9 15 6 8 14 13 11 12 4 7 0 ", 42, 24, 3271314, 0.838138, 3.90307e+06
X, A*, manhattan, 15puzzle, "15 14 0 4 11 1 6 13 7 5 8 9 3 2 10 12 ", na, 46, na, na, na
X, A*, manhattan, 15puzzle, "13 11 4 12 1 8 9 15 6 5 14 2 7 3 10 0 ", na, 44, na, na, na
X, A*, manhattan, 15puzzle, "7 11 8 3 14 0 6 15 1 4 13 9 5 12 2 10 ", 46, 36, 743618, 0.157651, 4.71686e+06
X, A*, manhattan, 15puzzle, "6 0 14 12 1 15 9 10 11 4 7 2 8 3 5 13 ", 55, 43, 7707538, 1.911388, 4.03243e+06
X, A*, manhattan, 15puzzle, "6 12 11 3 13 7 9 15 2 14 8 10 4 1 5 0 ", 52, 36, 11803341, 2.846181, 4.14708e+06
X, A*, manhattan, 15puzzle, "10 9 3 11 0 13 2 14 5 6 4 7 8 15 1 12 ", 49, 33, 6455737, 1.604782, 4.02281e+06
X, A*, manhattan, 15puzzle, "12 8 14 6 11 4 7 0 5 1 10 15 3 13 9 2 ", 54, 34, 31583210, 8.407157, 3.75671e+06
X, A*, manhattan, 15puzzle, "14 3 9 1 15 8 4 5 11 7 10 13 0 2 12 6 ", na, 41, na, na, na
X, A*, manhattan, 15puzzle, "7 3 14 13 4 1 10 8 5 12 9 11 2 15 6 0 ", 54, 34, 15140714, 3.853204, 3.92938e+06
X, A*, manhattan, 15puzzle, "11 4 2 7 1 0 10 15 6 9 14 8 3 13 5 12 ", 52, 32, 16709023, 4.211469, 3.96750e+06
X, A*, manhattan, 15puzzle, "5 7 3 12 15 13 14 8 0 10 9 6 1 4 2 11 ", na, 40, na, na, na
X, A*, manhattan, 15puzzle, "13 14 6 12 4 5 1 0 9 3 10 2 15 11 8 7 ", 52, 36, 3417805, 0.839479, 4.07134e+06
X, A*, manhattan, 15puzzle, "9 8 0 2 15 1 4 14 3 10 7 5 11 13 6 12 ", 54, 38, 13983946, 3.479500, 4.01895e+06
X, A*, manhattan, 15puzzle, "14 1 8 15 2 6 0 3 9 12 10 13 4 7 5 11 ", na, 33, na, na, na
X, A*, manhattan, 15puzzle, "12 15 2 6 1 14 4 8 5 3 7 0 10 13 9 11 ", 47, 35, 1038802, 0.234708, 4.42593e+06
X, A*, manhattan, 15puzzle, "12 8 15 13 1 0 5 4 6 3 2 11 9 7 14 10 ", 50, 38, 1684490, 0.406652, 4.14234e+06
X, A*, manhattan, 15puzzle, "14 10 9 4 13 6 5 8 2 12 7 0 1 3 11 15 ", na, 43, na, na, na
X, A*, manhattan, 15puzzle, "6 11 7 8 13 2 5 4 1 10 3 9 14 0 12 15 ", 52, 36, 11602308, 2.816933, 4.11877e+06
X, A*, manhattan, 15puzzle, "1 6 12 14 3 2 15 8 4 5 13 9 0 7 11 10 ", 55, 39, 29904322, 8.033828, 3.72230e+06
X, A*, manhattan, 15puzzle, "14 3 5 15 11 6 13 9 0 10 2 12 4 1 7 8 ", na, 42, na, na, na
X, A*, manhattan, 15puzzle, "9 0 4 10 1 14 15 3 12 6 5 7 11 13 8 2 ", 49, 35, 3731444, 0.890685, 4.18941e+06
X, A*, manhattan, 15puzzle, "12 6 0 4 7 3 15 1 13 9 8 11 2 14 5 10 ", 52, 36, 7488003, 1.818224, 4.11831e+06
X, A*, manhattan, 15puzzle, "8 1 7 12 11 0 10 5 9 15 6 13 14 2 3 4 ", na, 40, na, na, na
X, A*, manhattan, 15puzzle, "4 5 7 2 9 14 12 13 0 3 6 11 8 1 15 10 ", 42, 30, 235895, 0.046225, 5.10319e+06
X, A*, manhattan, 15puzzle, "8 13 10 9 11 3 15 6 0 1 2 14 12 5 4 7 ", 54, 36, 17422935, 4.214959, 4.13360e+06
X, A*, manhattan, 15puzzle, "11 5 1 14 4 12 10 0 2 7 13 3 9 15 6 8 ", 54, 36, 26846588, 6.933785, 3.87185e+06
X, A*, manhattan, 15puzzle, "3 14 9 7 12 15 0 4 1 8 5 6 11 10 2 13 ", 51, 39, 3461700, 0.854210, 4.05252e+06
X, A*, manhattan, 15puzzle, "12 9 0 6 8 3 5 14 2 4 11 7 10 1 15 13 ", 50, 32, 7838222, 1.900926, 4.12337e+06
X, A*, manhattan, 15puzzle, "11 15 14 13 1 9 10 4 3 6 2 12 7 5 8 0 ", 64, 48, 27103502, 6.859635, 3.95116e+06
X, A*, manhattan, 15puzzle, "6 10 1 14 15 8 3 5 13 0 2 7 4 9 11 12 ", 47, 35, 549541, 0.121685, 4.51609e+06
X, A*, manhattan, 15puzzle, "8 11 4 6 7 3 10 9 2 12 15 13 0 1 5 14 ", 49, 39, 880965, 0.200710, 4.38924e+06
X, A*, manhattan, 15puzzle, "8 4 6 1 14 12 2 15 13 10 9 5 3 7 0 11 ", 49, 35, 6106012, 1.387738, 4.39997e+06
X, A*, manhattan, 15puzzle, "12 5 13 11 2 10 0 9 7 8 4 3 14 6 15 1 ", 53, 39, 10418310, 2.562824, 4.06517e+06
X, A*, manhattan, 15puzzle, "10 2 8 4 15 0 1 14 11 13 3 6 9 7 5 12 ", 56, 44, 12551968, 2.990069, 4.19789e+06
X, A*, manhattan, 15puzzle, "10 0 2 4 5 1 6 12 11 13 9 7 15 3 14 8 ", na, 33, na, na, na
X, A*, manhattan, 15puzzle, "12 11 0 8 10 2 13 15 5 4 7 3 6 9 14 1 ", 56, 40, 18343378, 4.749874, 3.86187e+06
X, A*, manhattan, 15puzzle, "10 8 0 12 3 7 6 2 1 14 4 11 15 13 9 5 ", 56, 38, 36770559, 9.426130, 3.90092e+06
X, A*, manhattan, 15puzzle, "14 9 12 13 15 4 8 10 0 2 1 7 3 11 5 6 ", na, 50, na, na, na
X, A*, manhattan, 15puzzle, "13 8 14 3 9 1 0 7 15 5 4 10 12 2 6 11 ", 41, 29, 390420, 0.077340, 5.04810e+06
X, A*, manhattan, 15puzzle, "5 11 6 9 4 13 12 0 8 2 15 10 1 7 3 14 ", 50, 36, 3335956, 0.810026, 4.11833e+06
X, A*, manhattan, 15puzzle, "3 15 2 5 11 6 4 7 12 9 1 0 13 14 10 8 ", na, 29, na, na, na
X, A*, manhattan, 15puzzle, "5 0 15 8 4 6 1 14 10 11 3 9 7 12 2 13 ", 51, 37, 2853165, 0.700775, 4.07144e+06
X, A*, manhattan, 15puzzle, "11 14 13 1 2 3 12 4 15 7 9 5 10 6 8 0 ", na, 48, na, na, na
X, A*, manhattan, 15puzzle, "15 14 6 7 10 1 0 11 12 8 4 9 2 5 13 3 ", na, 35, na, na, na
X, A*, manhattan, 15puzzle, "6 13 3 2 11 9 5 10 1 7 12 14 8 4 0 15 ", 45, 31, 2754434, 0.657839, 4.18709e+06
X, A*, manhattan, 15puzzle, "4 6 12 0 14 2 9 13 11 8 3 15 7 10 1 5 ", 57, 43, 15445524, 4.031707, 3.83101e+06
X, A*, manhattan, 15puzzle, "8 10 9 11 14 1 7 15 13 4 0 12 6 2 5 3 ", na, 40, na, na, na
X, A*, manhattan, 15puzzle, "7 8 3 2 10 12 4 6 11 13 5 15 0 1 9 14 ", 47, 31, 3506738, 0.837425, 4.18752e+06
X, A*, manhattan, 15puzzle, "5 2 14 0 7 8 6 3 11 12 13 15 4 10 9 1 ", 51, 31, 18241640, 5.983251, 3.04878e+06
X, A*, manhattan, 15puzzle, "11 6 14 12 3 5 1 15 8 0 10 13 9 7 4 2 ", na, 41, na, na, na
X, A*, manhattan, 15puzzle, "6 0 5 15 1 14 4 9 2 13 8 10 11 12 7 3 ", 53, 37, 25642394, 7.241691, 3.54094e+06
X, A*, manhattan, 15puzzle, "7 3 1 13 12 10 5 2 8 0 6 11 14 15 4 9 ", 51, 31, 28788715, 7.875965, 3.65526e+06
X, A*, manhattan, 15puzzle, "7 1 2 4 8 3 6 11 10 15 0 5 14 12 13 9 ", 50, 28, 30284804, 8.322819, 3.63877e+06
X, A*, manhattan, 15puzzle, "5 7 0 11 12 1 9 10 15 6 2 3 8 4 13 14 ", 44, 30, 3319439, 0.851531, 3.89820e+06
X, A*, manhattan, 15puzzle, "15 1 3 12 4 0 6 5 2 8 14 9 13 10 7 11 ", 52, 30, 27582585, 7.552597, 3.65207e+06
X, A*, manhattan, 15puzzle, "12 15 11 10 4 5 14 0 13 7 1 2 9 8 3 6 ", na, 38, na, na, na
X, A*, manhattan, 15puzzle, "6 14 10 5 15 8 7 1 3 4 2 0 12 9 11 13 ", 49, 37, 964767, 0.225203, 4.28399e+06
X, A*, manhattan, 15puzzle, "14 13 4 11 15 8 6 9 0 7 3 1 2 10 12 5 ", 56, 46, 3125730, 0.805991, 3.87812e+06
X, A*, manhattan, 15puzzle, "14 4 0 10 6 5 1 3 9 2 13 15 12 7 8 11 ", 48, 30, 8800915, 2.183143, 4.03130e+06
X, A*, manhattan, 15puzzle, "3 14 13 6 4 15 8 9 5 12 10 0 2 7 1 11 ", 53, 41, 4471434, 1.146800, 3.89905e+06
X, A*, manhattan, 15puzzle, "0 13 2 4 12 14 6 9 15 1 10 3 11 5 8 7 ", 54, 34, 11290817, 2.867910, 3.93695e+06
X, A*, manhattan, 15puzzle, "15 10 8 3 0 6 9 5 1 14 13 11 7 2 12 4 ", na, 41, na, na, na
X, A*, manhattan, 15puzzle, "0 1 9 7 11 13 5 3 14 12 4 2 8 6 10 15 ", 42, 28, 350936, 0.073176, 4.79578e+06
X, A*, manhattan, 15puzzle, "13 0 9 12 11 6 3 5 15 8 1 10 4 14 2 7 ", 53, 39, 1962421, 0.456810, 4.29592e+06
X, A*, manhattan, 15puzzle, "11 0 15 8 13 12 3 5 10 1 4 6 14 9 7 2 ", 57, 43, 26144894, 7.220748, 3.62080e+06
X, A*, manhattan, 15puzzle, "12 3 9 1 4 5 10 2 6 11 15 0 14 7 13 8 ", 49, 31, 4458894, 1.105668, 4.03276e+06
X, A*, manhattan, 15puzzle, "14 10 2 1 13 9 8 11 7 3 6 12 15 5 4 0 ", na, 40, na, na, na
X, A*, manhattan, 15puzzle, "15 8 10 7 0 12 14 1 5 9 6 3 13 11 4 2 ", na, 37, na, na, na
X, A*, manhattan, 15puzzle, "6 0 5 10 11 12 9 2 1 7 4 3 14 8 13 15 ", 45, 35, 545008, 0.119179, 4.57302e+06
X, A*, manhattan, 15puzzle, "4 7 13 10 1 2 9 6 12 8 14 5 3 0 11 15 ", 44, 32, 731348, 0.160914, 4.54496e+06
X, A*, manhattan, 15puzzle, "9 5 11 10 13 0 2 1 8 6 14 12 4 7 3 15 ", 52, 34, 17954162, 4.514202, 3.97726e+06
X, A*, manhattan, 15puzzle, "5 4 7 1 11 12 14 15 10 13 8 6 2 0 9 3 ", 50, 36, 2129957, 0.508397, 4.18955e+06
X, A*, manhattan, 15puzzle, "11 1 7 4 10 13 3 8 9 14 0 15 6 5 2 12 ", 54, 38, 14560606, 3.770890, 3.86132e+06
X, A*, manhattan, 15puzzle, "15 2 12 11 14 13 9 5 1 3 8 7 0 10 6 4 ", na, 43, na, na, na
X, A*, manhattan, 15puzzle, "13 9 14 6 12 8 1 2 3 4 0 7 5 10 11 15 ", 46, 34, 2240058, 0.704321, 3.18045e+06
X, A*, manhattan, 15puzzle, "3 2 7 9 0 15 12 4 6 11 5 14 8 13 10 1 ", na, 37, na, na, na
X, A*, manhattan, 15puzzle, "9 7 5 2 14 15 12 10 11 3 6 1 8 13 0 4 ", na, 41, na, na, na
X, A*, manhattan, 15puzzle, "5 7 11 8 0 14 9 13 10 12 3 15 6 1 4 2 ", 53, 45, 423936, 0.100717, 4.20918e+06
X, A*, manhattan, 15puzzle, "1 7 15 14 2 6 4 9 12 11 13 3 0 8 5 10 ", 49, 35, 3784645, 0.942685, 4.01475e+06
X, A*, manhattan, 15puzzle, "4 3 6 13 7 15 9 0 10 5 8 11 2 12 1 14 ", 50, 34, 5334380, 1.335482, 3.99435e+06
X, A*, manhattan, 15puzzle, "9 14 5 7 8 15 1 2 10 4 13 6 12 0 11 3 ", 44, 32, 1315765, 0.404334, 3.25415e+06
X, A*, manhattan, 15puzzle, "7 15 4 0 10 9 2 5 12 11 13 6 1 3 14 8 ", 57, 39, 32168962, 8.656430, 3.71619e+06
X, A*, manhattan, 15puzzle, "0 11 3 12 5 2 1 9 8 10 14 15 7 4 13 6 ", 54, 34, 34968178, 9.280811, 3.76779e+06
X, A*, manhattan, 15puzzle, "11 4 0 8 6 10 5 13 12 7 14 3 1 2 9 15 ", 54, 38, 15616119, 4.030046, 3.87492e+06
