X, A*, gap, pancake28, "21 24 5 25 16 13 15 1 26 7 2 0 22 19 9 10 17 20 23 4 14 12 8 27 11 6 3 18 ", 27, 24138, 0.014680, 1.64428e+06
X, A*, gap, pancake28, "21 22 11 15 10 12 9 25 17 16 24 2 7 3 19 1 26 4 18 27 5 20 14 8 13 23 0 6 ", 27, 33372, 0.018041, 1.84979e+06
X, A*, gap, pancake28, "3 1 23 18 10 0 12 15 4 21 20 9 27 13 24 14 26 19 8 7 5 25 22 6 16 17 11 2 ", 25, 19656, 0.011242, 1.74844e+06
X, A*, gap, pancake28, "16 3 11 8 7 23 21 5 26 15 24 12 20 22 10 6 14 17 13 1 18 2 19 25 0 9 27 4 ", 28, 125631, 0.052810, 2.37892e+06
X, A*, gap, pancake28, "14 5 1 22 26 19 12 21 27 11 4 25 0 10 7 9 18 24 13 6 8 2 23 16 15 20 3 17 ", 28, 134622, 0.078229, 1.72087e+06
X, A*, gap, pancake28, "21 6 1 22 0 12 9 23 18 27 15 10 4 26 16 7 20 3 13 14 17 5 24 2 11 8 19 25 ", 28, 131895, 0.069539, 1.89671e+06
X, A*, gap, pancake28, "5 11 2 18 17 6 19 27 20 15 22 4 23 1 14 26 0 7 10 21 16 3 24 12 8 25 13 9 ", 28, 207738, 0.091119, 2.27985e+06
X, A*, gap, pancake28, "24 16 13 19 25 14 23 4 8 5 7 20 22 10 2 27 3 17 18 21 15 0 26 6 1 9 11 12 ", 27, 224748, 0.123239, 1.82368e+06
X, A*, gap, pancake28, "1 18 22 14 13 2 23 8 25 0 21 17 24 5 12 11 15 27 3 10 20 16 19 9 4 26 6 7 ", 26, 364743, 0.170800, 2.13550e+06
X, A*, gap, pancake28, "16 10 22 25 2 4 20 1 12 14 11 26 5 24 17 3 15 18 0 19 21 23 8 6 7 9 27 13 ", 27, 27999, 0.014456, 1.93684e+06
X, A*, gap, pancake28, "9 2 1 11 6 7 14 25 12 10 18 8 24 17 3 4 20 26 15 0 16 19 13 22 27 21 5 23 ", 25, 6291, 0.003450, 1.82348e+06
X, A*, gap, pancake28, "12 1 8 11 14 18 16 23 10 19 17 3 0 21 7 27 6 13 9 2 25 26 24 20 15 5 4 22 ", 26, 20493, 0.010990, 1.86470e+06
X, A*, gap, pancake28, "15 0 21 22 12 3 6 23 4 5 10 26 11 19 18 17 14 16 24 25 27 9 20 8 7 1 13 2 ", 23, 57105, 0.026413, 2.16200e+06
X, A*, gap, pancake28, "27 12 13 9 10 19 4 20 25 14 16 2 21 15 7 18 3 5 17 1 8 0 26 11 22 6 23 24 ", 26, 102708, 0.049321, 2.08244e+06
X, A*, gap, pancake28, "15 18 0 27 16 26 6 7 25 4 2 17 9 19 24 11 12 13 5 3 10 20 21 8 1 22 23 14 ", 24, 94932, 0.039522, 2.40200e+06
X, A*, gap, pancake28, "2 15 25 27 13 12 21 22 9 17 23 7 20 4 5 3 11 0 8 10 26 14 24 16 6 1 19 18 ", 25, 290331, 0.164947, 1.76015e+06
X, A*, gap, pancake28, "20 21 0 9 15 1 11 25 16 18 17 10 19 27 3 22 24 26 14 13 2 6 8 12 5 23 4 7 ", 26, 493344, 0.230200, 2.14311e+06
X, A*, gap, pancake28, "11 16 0 24 6 22 25 17 9 20 21 14 15 26 1 3 12 8 23 2 5 10 27 4 7 13 18 19 ", 26, 53541, 0.028843, 1.85629e+06
X, A*, gap, pancake28, "17 15 12 1 5 24 8 20 9 11 25 10 7 6 19 0 23 26 18 4 3 27 21 2 16 22 14 13 ", 26, 33912, 0.018237, 1.85952e+06
X, A*, gap, pancake28, "10 21 20 1 15 6 2 3 5 22 18 12 27 4 23 7 0 9 8 25 14 24 26 11 19 16 13 17 ", 26, 133542, 0.064555, 2.06865e+06
X, A*, gap, pancake28, "9 16 23 17 27 0 13 8 6 5 10 14 7 26 2 3 18 25 12 11 15 4 24 1 20 22 21 19 ", 25, 174960, 0.102438, 1.70796e+06
X, A*, gap, pancake28, "20 15 11 7 24 23 21 0 17 2 16 12 19 18 26 1 13 6 4 9 14 25 27 22 10 3 8 5 ", 27, 250776, 0.106034, 2.36505e+06
X, A*, gap, pancake28, "4 15 0 8 2 27 22 21 7 26 13 17 3 11 20 24 1 23 25 5 18 14 9 16 6 10 12 19 ", 28, 264573, 0.132014, 2.00413e+06
X, A*, gap, pancake28, "22 9 19 1 12 0 5 4 2 10 15 21 11 24 6 16 25 3 18 26 7 20 13 23 8 17 14 27 ", 27, 255042, 0.103899, 2.45471e+06
X, A*, gap, pancake28, "18 22 11 19 3 13 27 1 12 26 5 21 10 23 15 25 2 20 14 24 9 17 8 16 0 6 7 4 ", 28, 241353, 0.132489, 1.82168e+06
X, A*, gap, pancake28, "26 24 16 25 5 8 12 19 11 7 4 13 10 22 20 17 2 27 6 18 1 9 14 3 0 15 23 21 ", 29, 817209, 0.337782, 2.41934e+06
X, A*, gap, pancake28, "16 17 15 6 13 9 25 10 26 22 5 3 19 14 18 0 20 1 23 12 7 21 27 24 4 11 2 8 ", 27, 14175, 0.007436, 1.90627e+06
X, A*, gap, pancake28, "5 27 18 10 4 22 19 13 9 2 0 26 8 1 17 7 25 11 21 20 15 16 12 6 23 24 3 14 ", 25, 13446, 0.006525, 2.06069e+06
X, A*, gap, pancake28, "8 2 13 3 11 4 19 17 9 18 27 25 23 22 14 1 15 12 26 0 5 16 6 10 24 21 20 7 ", 26, 22275, 0.013685, 1.62769e+06
X, A*, gap, pancake28, "1 18 9 22 19 12 16 11 26 20 13 14 5 25 24 17 6 2 10 0 4 21 7 8 15 23 27 3 ", 26, 64341, 0.034200, 1.88132e+06
X, A*, gap, pancake28, "9 21 19 8 7 6 12 13 1 3 26 4 15 5 22 23 11 16 25 27 14 0 10 17 18 24 2 20 ", 24, 64125, 0.035327, 1.81518e+06
X, A*, gap, pancake28, "7 25 2 26 11 24 1 0 4 8 10 19 18 5 27 17 13 21 15 6 14 9 12 3 16 23 22 20 ", 26, 110403, 0.062746, 1.75952e+06
X, A*, gap, pancake28, "6 12 7 17 15 20 3 24 16 18 8 10 21 22 9 19 4 0 11 27 2 26 13 1 25 14 23 5 ", 28, 228609, 0.085066, 2.68743e+06
X, A*, gap, pancake28, "2 4 10 26 6 18 1 17 11 14 19 22 0 15 23 21 16 13 27 24 8 25 7 3 12 20 5 9 ", 29, 260820, 0.103506, 2.51985e+06
X, A*, gap, pancake28, "14 2 27 3 1 10 8 15 19 16 26 12 24 7 21 4 0 6 22 13 23 5 11 9 18 17 20 25 ", 28, 475497, 0.193196, 2.46122e+06
X, A*, gap, pancake28, "6 2 19 23 11 16 8 12 20 21 0 1 5 13 17 10 24 4 18 22 7 15 26 25 27 9 3 14 ", 27, 7398432, 2.647288, 2.79472e+06
X, A*, gap, pancake28, "8 3 11 9 2 21 23 24 1 13 19 27 6 5 7 17 22 10 14 25 26 15 18 4 20 0 12 16 ", 26, 111888, 0.053183, 2.10383e+06
X, A*, gap, pancake28, "8 7 12 24 25 5 23 4 13 0 27 18 14 19 16 2 15 1 21 26 20 6 10 3 22 11 9 17 ", 27, 110862, 0.054676, 2.02762e+06
X, A*, gap, pancake28, "0 12 23 18 22 6 25 4 7 8 2 3 1 11 16 9 17 26 20 21 13 27 10 14 5 24 19 15 ", 26, 113076, 0.063741, 1.77399e+06
X, A*, gap, pancake28, "11 17 27 4 21 2 23 16 26 7 24 18 6 25 19 1 0 10 9 15 12 5 13 8 14 3 22 20 ", 27, 131247, 0.069273, 1.89463e+06
X, A*, gap, pancake28, "5 27 25 16 15 20 22 8 24 14 18 26 6 11 21 9 3 4 17 19 7 10 23 13 0 12 2 1 ", 26, 111861, 0.046803, 2.39004e+06
X, A*, gap, pancake28, "21 6 4 17 23 20 13 12 5 22 8 7 18 14 27 16 9 24 25 15 3 1 10 11 26 0 2 19 ", 25, 207900, 0.096676, 2.15048e+06
X, A*, gap, pancake28, "14 20 12 4 9 8 3 7 5 13 26 2 23 22 21 18 25 19 6 17 27 11 15 0 10 1 24 16 ", 26, 199341, 0.080022, 2.49108e+06
X, A*, gap, pancake28, "13 10 1 18 23 27 8 6 17 21 12 2 16 7 25 11 15 22 0 5 9 14 20 3 26 24 4 19 ", 29, 271053, 0.115096, 2.35502e+06
X, A*, gap, pancake28, "3 26 4 6 22 14 25 11 13 21 0 17 10 5 7 24 19 9 2 23 1 15 12 18 20 8 16 27 ", 27, 13554, 0.007227, 1.87547e+06
X, A*, gap, pancake28, "11 24 4 16 18 10 1 15 0 13 3 9 23 12 20 19 26 27 7 17 25 21 6 2 14 8 22 5 ", 27, 64881, 0.033425, 1.94109e+06
X, A*, gap, pancake28, "4 18 23 25 20 7 24 6 16 11 27 17 19 3 13 12 2 1 0 15 22 26 8 9 21 10 14 5 ", 25, 32724, 0.017745, 1.84413e+06
X, A*, gap, pancake28, "3 19 10 21 26 16 23 24 5 7 18 22 11 8 15 1 4 20 9 12 0 2 27 25 14 13 17 6 ", 27, 105084, 0.055996, 1.87663e+06
X, A*, gap, pancake28, "25 14 11 17 3 9 7 26 5 1 0 21 20 8 24 18 10 16 27 23 4 6 15 22 19 2 12 13 ", 26, 107136, 0.043054, 2.48841e+06
X, A*, gap, pancake28, "14 5 1 16 19 23 15 4 8 20 6 17 24 2 10 25 0 7 18 21 11 13 9 3 27 26 12 22 ", 28, 116721, 0.058351, 2.00033e+06
X, A*, gap, pancake28, "17 20 25 19 5 12 10 7 6 3 9 11 0 24 26 18 4 14 22 21 13 2 27 1 23 8 16 15 ", 26, 194940, 0.086585, 2.25143e+06
X, A*, gap, pancake28, "4 14 3 11 7 12 0 21 19 1 8 27 16 10 9 18 25 13 20 17 22 23 5 2 24 6 15 26 ", 27, 227070, 0.123680, 1.83595e+06
X, A*, gap, pancake28, "19 20 2 9 16 14 27 12 24 26 3 0 25 11 17 5 21 22 10 4 8 23 1 18 7 13 15 6 ", 27, 401517, 0.193677, 2.07313e+06
X, A*, gap, pancake28, "8 24 1 27 14 10 22 2 17 12 9 26 13 16 6 23 25 21 0 7 19 3 20 15 18 4 5 11 ", 27, 31941, 0.013972, 2.28607e+06
X, A*, gap, pancake28, "21 26 24 16 14 10 8 0 4 19 17 2 11 6 23 1 20 18 9 5 3 25 15 7 27 22 12 13 ", 27, 31347, 0.017853, 1.75584e+06
X, A*, gap, pancake28, "15 12 0 5 10 20 25 26 4 14 11 9 19 6 21 13 27 3 1 2 23 18 17 7 24 16 8 22 ", 25, 6858, 0.003784, 1.81237e+06
X, A*, gap, pancake28, "2 17 5 6 19 14 27 18 1 20 23 12 22 16 24 10 7 3 26 21 13 25 8 11 0 15 9 4 ", 27, 50598, 0.028914, 1.74995e+06
X, A*, gap, pancake28, "17 24 15 3 16 9 10 13 11 2 6 12 1 5 18 8 19 25 0 4 7 23 27 22 20 26 14 21 ", 27, 15282, 0.008273, 1.84721e+06
X, A*, gap, pancake28, "23 24 25 13 9 2 16 8 15 27 0 7 3 20 21 4 14 11 22 1 17 26 18 12 5 6 19 10 ", 25, 96363, 0.053952, 1.78609e+06
X, A*, gap, pancake28, "14 22 9 6 4 18 10 2 21 16 8 25 12 26 3 15 0 1 13 19 24 27 5 20 11 23 7 17 ", 28, 245025, 0.123183, 1.98911e+06
X, A*, gap, pancake28, "27 19 6 5 8 10 0 4 13 22 17 14 2 11 12 20 24 21 23 15 7 9 3 18 16 25 1 26 ", 27, 191457, 0.107919, 1.77408e+06
X, A*, gap, pancake28, "21 3 13 20 26 23 16 17 18 25 4 6 15 1 9 5 19 7 0 27 24 22 10 2 12 14 8 11 ", 27, 405999, 0.164525, 2.46770e+06
X, A*, gap, pancake28, "2 11 18 5 21 25 13 0 22 7 9 16 26 1 14 4 8 24 23 6 15 12 3 17 20 27 19 10 ", 28, 272133, 0.148904, 1.82757e+06
X, A*, gap, pancake28, "24 21 11 19 18 2 15 27 5 0 16 7 1 26 13 8 14 25 3 17 12 20 10 23 9 6 4 22 ", 28, 418230, 0.205849, 2.03173e+06
X, A*, gap, pancake28, "15 0 5 23 20 4 1 10 16 7 24 26 25 27 9 14 13 8 18 11 2 22 6 12 17 3 21 19 ", 28, 17334081, 6.316454, 2.74427e+06
X, A*, gap, pancake28, "16 11 23 4 13 17 26 2 20 18 24 7 0 14 8 25 15 19 12 1 27 5 6 3 22 9 21 10 ", 27, 24732, 0.017406, 1.42089e+06
X, A*, gap, pancake28, "2 20 12 26 9 15 13 22 1 4 19 24 10 21 27 11 6 0 16 14 25 3 23 18 8 17 7 5 ", 28, 14985, 0.008816, 1.69975e+06
X, A*, gap, pancake28, "25 12 4 9 13 5 6 20 19 8 26 15 7 24 0 3 1 2 23 27 22 10 14 16 18 11 17 21 ", 25, 10881, 0.006053, 1.79762e+06
X, A*, gap, pancake28, "1 11 25 17 15 2 24 7 21 10 6 22 16 4 13 19 0 20 14 12 3 23 18 5 8 9 26 27 ", 26, 33858, 0.015404, 2.19800e+06
X, A*, gap, pancake28, "9 8 21 27 24 1 7 3 13 14 12 17 5 22 15 18 16 20 10 0 4 26 2 25 11 19 6 23 ", 26, 15903, 0.008713, 1.82520e+06
X, A*, gap, pancake28, "1 27 15 9 6 5 19 4 3 18 21 20 26 17 22 8 23 16 0 13 25 11 2 12 14 10 7 24 ", 25, 6561, 0.003603, 1.82098e+06
X, A*, gap, pancake28, "1 20 18 25 12 22 11 4 7 8 21 26 5 14 9 10 0 13 23 3 15 17 27 16 19 6 2 24 ", 27, 114264, 0.057291, 1.99445e+06
X, A*, gap, pancake28, "1 18 7 9 3 14 21 12 17 26 25 11 8 13 4 24 16 22 23 27 6 20 0 5 19 10 15 2 ", 27, 120258, 0.069133, 1.73952e+06
X, A*, gap, pancake28, "25 8 27 15 17 18 16 20 6 5 13 19 14 24 3 7 9 10 0 23 11 2 22 26 4 12 21 1 ", 26, 120609, 0.048388, 2.49254e+06
X, A*, gap, pancake28, "3 26 8 6 5 16 25 12 23 20 10 21 13 0 22 19 17 11 7 4 15 14 1 9 24 2 18 27 ", 26, 239544, 0.092427, 2.59171e+06
X, A*, gap, pancake28, "18 2 7 13 11 19 24 21 22 23 4 20 25 17 10 16 6 5 0 8 15 9 14 3 12 26 1 27 ", 25, 327645, 0.139114, 2.35523e+06
X, A*, gap, pancake28, "20 2 16 9 10 6 7 1 4 22 15 5 3 19 17 18 27 14 8 12 24 13 23 0 11 26 21 25 ", 26, 728946, 0.412477, 1.76724e+06
X, A*, gap, pancake28, "26 19 21 9 1 5 22 16 0 18 23 4 27 3 6 11 25 13 8 17 24 2 15 20 12 7 10 14 ", 29, 777492, 0.409776, 1.89736e+06
X, A*, gap, pancake28, "15 3 22 14 24 9 10 27 19 25 17 26 23 8 11 20 7 21 1 18 0 13 16 4 2 6 12 5 ", 27, 25893, 0.013264, 1.95213e+06
X, A*, gap, pancake28, "1 7 12 23 14 8 22 4 18 25 11 10 6 17 13 21 24 15 5 16 20 27 2 3 19 9 0 26 ", 26, 15471, 0.007306, 2.11757e+06
X, A*, gap, pancake28, "15 22 8 23 17 5 25 19 24 6 11 3 21 4 26 1 27 16 14 7 2 20 13 0 9 10 18 12 ", 27, 26298, 0.014900, 1.76497e+06
X, A*, gap, pancake28, "16 15 19 25 23 7 17 22 5 4 0 24 9 14 11 10 1 18 13 3 6 26 2 27 8 20 12 21 ", 26, 96525, 0.056268, 1.71545e+06
X, A*, gap, pancake28, "25 3 27 14 20 0 19 17 6 21 1 15 22 4 10 5 12 24 7 8 26 11 2 9 16 13 23 18 ", 28, 206172, 0.091589, 2.25106e+06
X, A*, gap, pancake28, "15 17 6 27 1 19 20 16 23 3 12 0 25 22 18 5 4 10 14 24 26 13 2 8 21 7 11 9 ", 27, 235170, 0.133865, 1.75677e+06
X, A*, gap, pancake28, "14 22 25 9 6 18 17 4 1 27 8 5 11 15 3 12 13 20 16 10 26 2 7 19 21 24 0 23 ", 27, 245106, 0.131022, 1.87072e+06
X, A*, gap, pancake28, "24 15 18 2 20 17 22 8 26 12 4 7 9 16 1 5 14 27 0 19 11 3 10 6 13 25 21 23 ", 29, 263439, 0.143395, 1.83716e+06
X, A*, gap, pancake28, "5 4 21 23 14 20 0 10 13 9 16 1 22 2 25 27 12 8 17 6 26 7 24 19 3 18 11 15 ", 27, 14067, 0.007773, 1.80973e+06
X, A*, gap, pancake28, "2 22 24 16 6 10 27 14 5 20 21 13 4 25 23 0 17 11 7 12 8 3 26 1 19 9 18 15 ", 27, 6804, 0.003949, 1.72297e+06
X, A*, gap, pancake28, "5 14 16 8 15 21 11 4 17 27 0 18 13 20 23 19 6 2 7 1 25 24 22 26 10 12 9 3 ", 27, 13284, 0.007985, 1.66362e+06
X, A*, gap, pancake28, "7 25 16 24 18 19 14 5 21 15 12 11 6 0 23 26 1 22 13 17 8 9 2 4 10 27 20 3 ", 25, 10287, 0.006165, 1.66861e+06
X, A*, gap, pancake28, "6 22 12 0 26 8 27 7 20 15 16 13 1 14 17 24 21 4 9 19 5 23 11 2 3 25 18 10 ", 27, 106920, 0.063520, 1.68325e+06
X, A*, gap, pancake28, "7 12 15 13 3 5 22 26 23 18 20 16 1 6 8 19 21 10 4 9 25 11 14 0 24 27 2 17 ", 28, 52299, 0.030418, 1.71934e+06
X, A*, gap, pancake28, "18 5 4 14 24 12 17 20 22 27 2 3 26 9 16 0 10 11 6 21 8 25 15 23 1 19 7 13 ", 26, 31806, 0.019075, 1.66742e+06
X, A*, gap, pancake28, "24 1 15 12 22 27 13 2 10 19 14 3 17 23 21 9 0 6 18 7 20 11 16 26 5 25 4 8 ", 28, 64800, 0.039215, 1.65243e+06
X, A*, gap, pancake28, "27 16 2 6 11 24 8 25 15 14 20 17 26 23 12 9 13 5 0 1 7 10 22 19 18 21 3 4 ", 25, 67527, 0.040168, 1.68111e+06
X, A*, gap, pancake28, "16 13 7 6 12 4 10 8 0 24 2 18 17 21 25 19 11 5 14 15 26 23 9 1 27 22 3 20 ", 26, 43686, 0.027718, 1.57609e+06
X, A*, gap, pancake28, "25 3 9 0 4 21 19 15 23 17 6 18 11 24 16 7 20 8 13 14 12 1 26 2 10 27 5 22 ", 27, 23517, 0.013396, 1.75552e+06
X, A*, gap, pancake28, "20 0 21 2 3 9 1 12 24 14 27 4 17 19 15 18 22 5 7 16 10 6 13 25 23 26 8 11 ", 28, 265437, 0.151764, 1.74901e+06
X, A*, gap, pancake28, "15 0 6 9 8 25 2 16 26 1 14 12 13 5 27 23 17 11 10 20 4 21 24 7 19 22 18 3 ", 26, 256311, 0.154465, 1.65935e+06
X, A*, gap, pancake28, "19 17 22 25 26 10 5 13 23 0 16 21 3 24 15 7 27 1 14 20 6 4 9 12 11 2 8 18 ", 27, 123633, 0.069914, 1.76836e+06
X, A*, gap, pancake28, "2 26 17 23 3 16 20 15 12 7 13 19 24 11 5 10 21 27 1 9 0 25 14 6 22 8 18 4 ", 28, 60318, 0.031069, 1.94142e+06
X, A*, gap, pancake28, "25 15 11 14 4 12 7 8 10 21 19 3 18 2 0 6 22 24 5 1 13 16 9 27 20 17 26 23 ", 28, 471690, 0.234796, 2.00894e+06
X, A*, gap, pancake28, "5 27 23 20 17 24 14 4 9 6 15 2 13 1 12 25 8 19 3 21 7 10 26 11 0 18 22 16 ", 29, 427896, 0.156999, 2.72547e+06
X, A*, gap, pancake28, "27 22 24 4 1 14 17 12 21 20 23 2 8 13 25 16 7 9 3 10 26 11 6 15 0 19 18 5 ", 27, 451035, 0.167413, 2.69415e+06
X, A*, gap, pancake28, "27 13 21 26 14 11 16 2 7 9 4 10 8 25 6 24 17 20 15 22 23 12 5 3 19 18 1 0 ", 25, 10287, 0.005570, 1.84686e+06
X, A*, gap, pancake28, "13 27 7 16 24 25 8 12 0 26 22 14 2 15 4 23 9 21 19 18 1 17 20 6 5 3 10 11 ", 24, 10125, 0.004254, 2.38011e+06
X, A*, gap, pancake28, "16 11 8 9 12 10 18 24 5 20 22 0 15 19 1 17 3 13 21 6 7 4 26 23 2 14 25 27 ", 25, 10206, 0.005604, 1.82120e+06
X, A*, gap, pancake28, "1 11 21 14 16 17 27 18 19 9 8 12 6 25 0 15 5 13 20 26 3 4 24 22 10 7 2 23 ", 25, 56592, 0.026210, 2.15918e+06
X, A*, gap, pancake28, "19 10 18 21 4 8 25 7 24 16 15 14 2 11 23 1 0 12 3 26 17 22 13 6 27 9 5 20 ", 26, 64341, 0.033572, 1.91651e+06
X, A*, gap, pancake28, "7 5 27 2 22 16 25 26 13 23 3 17 15 21 12 24 10 9 14 19 1 4 8 0 18 20 6 11 ", 27, 63936, 0.030013, 2.13028e+06
X, A*, gap, pancake28, "24 14 2 0 18 6 25 22 7 5 10 12 16 1 11 20 19 8 4 13 21 23 27 3 15 17 26 9 ", 28, 120933, 0.066773, 1.81111e+06
X, A*, gap, pancake28, "11 0 7 2 1 3 25 4 20 16 12 17 26 19 5 13 10 9 21 14 18 8 23 27 22 15 6 24 ", 27, 217458, 0.115540, 1.88210e+06
X, A*, gap, pancake28, "7 16 13 3 22 6 5 19 24 11 8 25 21 14 4 9 1 10 17 20 15 23 27 2 12 26 18 0 ", 28, 248805, 0.124058, 2.00555e+06
X, A*, gap, pancake28, "19 27 21 25 12 11 5 20 9 14 6 2 1 26 16 8 22 7 18 15 0 24 10 13 3 4 23 17 ", 26, 209007, 0.118338, 1.76619e+06
X, A*, gap, pancake28, "4 24 26 18 23 7 2 3 6 0 12 8 15 25 21 17 5 1 13 22 16 10 20 27 11 14 9 19 ", 28, 205308, 0.109752, 1.87065e+06
X, A*, gap, pancake28, "19 5 0 15 13 18 17 27 20 4 1 21 26 11 24 23 10 3 8 16 25 22 14 12 2 7 9 6 ", 27, 393822, 0.177210, 2.22235e+06
X, A*, gap, pancake28, "4 22 23 2 14 6 20 18 27 21 3 15 16 17 1 12 10 24 11 13 5 9 19 25 26 7 0 8 ", 26, 1991655, 0.795772, 2.50280e+06
X, A*, gap, pancake28, "17 13 10 15 23 3 9 12 0 25 18 6 14 27 22 21 20 19 7 2 5 24 4 8 26 1 16 11 ", 25, 6669, 0.002810, 2.37331e+06
X, A*, gap, pancake28, "8 13 27 2 3 10 0 26 15 18 21 12 4 6 17 14 16 23 24 7 9 25 1 11 20 19 5 22 ", 26, 61020, 0.034424, 1.77260e+06
X, A*, gap, pancake28, "27 5 9 1 24 16 15 21 22 11 25 2 13 10 18 12 20 17 6 26 19 4 0 8 23 3 7 14 ", 26, 11340, 0.006675, 1.69888e+06
X, A*, gap, pancake28, "25 3 14 12 1 16 20 21 24 15 2 23 6 11 22 17 10 13 8 0 19 7 18 5 27 9 4 26 ", 27, 7317, 0.004050, 1.80667e+06
X, A*, gap, pancake28, "21 14 1 10 22 18 2 25 8 27 15 6 5 12 0 24 17 4 20 19 11 23 13 7 3 16 26 9 ", 27, 67851, 0.032279, 2.10202e+06
X, A*, gap, pancake28, "25 26 0 27 6 3 18 15 16 4 8 17 23 1 9 5 21 2 19 12 11 7 10 20 13 14 24 22 ", 25, 115641, 0.066545, 1.73779e+06
X, A*, gap, pancake28, "1 12 25 22 14 4 3 24 27 11 2 5 21 6 9 26 7 19 17 18 13 8 0 15 16 20 10 23 ", 26, 55188, 0.027916, 1.97693e+06
X, A*, gap, pancake28, "24 10 11 26 8 27 0 6 15 25 5 1 14 7 17 13 21 2 23 4 3 12 9 16 22 19 20 18 ", 26, 57645, 0.031787, 1.81348e+06
X, A*, gap, pancake28, "7 18 27 20 11 8 9 15 3 26 16 5 14 21 4 23 2 1 22 25 0 13 10 6 17 19 12 24 ", 26, 44415, 0.020129, 2.20652e+06
X, A*, gap, pancake28, "21 1 16 17 15 14 20 27 25 4 8 22 24 9 10 11 6 23 5 13 0 19 18 12 2 7 3 26 ", 24, 135027, 0.056414, 2.39350e+06
X, A*, gap, pancake28, "19 6 1 22 25 21 8 5 27 12 24 3 7 23 17 10 9 4 11 14 0 26 15 18 20 13 2 16 ", 28, 258039, 0.119539, 2.15862e+06
X, A*, gap, pancake28, "24 6 5 2 18 4 23 15 22 14 11 27 26 17 10 20 16 3 8 13 7 1 21 19 25 12 0 9 ", 27, 222345, 0.122030, 1.82205e+06
X, A*, gap, pancake28, "19 14 4 6 23 15 2 1 0 8 7 22 17 5 12 10 25 18 21 26 9 3 11 13 27 20 24 16 ", 26, 891216, 0.344206, 2.58919e+06
X, A*, gap, pancake28, "5 19 11 16 0 18 8 25 27 21 2 24 20 7 9 10 1 22 6 15 26 23 4 14 13 17 12 3 ", 26, 23841, 0.011436, 2.08473e+06
X, A*, gap, pancake28, "26 24 17 7 21 4 20 14 13 10 3 27 9 16 18 1 23 19 2 15 8 12 0 5 22 6 25 11 ", 27, 22032, 0.011077, 1.98899e+06
X, A*, gap, pancake28, "23 24 21 10 12 2 18 16 19 27 13 20 11 17 6 1 3 7 4 14 0 15 8 5 25 9 26 22 ", 27, 14256, 0.007789, 1.83027e+06
X, A*, gap, pancake28, "10 5 7 18 13 3 19 16 20 8 15 12 6 21 1 22 9 25 27 23 14 24 0 17 4 2 26 11 ", 28, 42336, 0.016767, 2.52496e+06
X, A*, gap, pancake28, "15 5 7 24 4 3 18 1 13 17 10 26 16 22 19 25 14 6 27 2 8 11 0 20 23 9 12 21 ", 28, 126522, 0.048494, 2.60902e+06
X, A*, gap, pancake28, "15 3 2 19 11 14 13 22 26 20 17 1 0 6 16 12 7 24 9 4 21 8 27 18 5 23 10 25 ", 26, 187704, 0.104632, 1.79394e+06
X, A*, gap, pancake28, "4 18 2 24 21 14 17 13 7 15 26 22 19 6 27 1 11 25 20 0 10 8 3 12 5 9 23 16 ", 29, 239031, 0.118303, 2.02050e+06
X, A*, gap, pancake28, "20 9 2 16 25 13 10 14 0 21 24 22 17 11 3 6 18 1 15 26 27 5 23 8 7 19 12 4 ", 27, 400140, 0.225598, 1.77369e+06
X, A*, gap, pancake28, "27 0 24 8 18 4 9 2 14 21 1 11 22 20 10 19 25 7 12 23 6 5 26 16 13 15 17 3 ", 28, 863136, 0.393467, 2.19367e+06
X, A*, gap, pancake28, "7 23 25 22 0 1 26 11 6 14 17 5 16 20 2 4 21 18 12 19 3 13 9 15 24 8 27 10 ", 27, 25569, 0.010130, 2.52409e+06
X, A*, gap, pancake28, "2 24 20 27 22 19 7 8 0 21 6 13 4 3 15 16 5 17 25 14 23 26 12 9 11 10 18 1 ", 25, 25893, 0.009134, 2.83479e+06
X, A*, gap, pancake28, "24 7 10 15 22 9 13 19 1 4 0 27 14 23 11 6 20 12 5 25 2 18 8 16 3 17 21 26 ", 28, 36234, 0.019250, 1.88229e+06
X, A*, gap, pancake28, "4 13 15 11 1 8 14 19 7 2 20 17 3 18 9 6 12 22 21 10 5 25 16 0 26 27 24 23 ", 26, 60534, 0.032673, 1.85272e+06
X, A*, gap, pancake28, "23 13 24 10 11 27 22 19 20 4 8 12 5 9 18 16 7 14 17 6 2 26 3 0 25 1 21 15 ", 26, 8154, 0.004381, 1.86122e+06
X, A*, gap, pancake28, "1 3 15 9 13 11 17 22 21 26 18 24 25 20 8 6 7 2 23 27 19 12 10 4 16 14 0 5 ", 26, 129087, 0.056948, 2.26675e+06
X, A*, gap, pancake28, "26 1 6 21 14 3 22 8 10 5 27 7 12 18 2 19 11 13 15 20 0 23 9 17 4 16 24 25 ", 28, 219618, 0.080995, 2.71150e+06
X, A*, gap, pancake28, "20 23 7 5 6 11 12 8 1 14 16 9 18 0 3 19 22 27 25 26 24 17 21 10 15 4 13 2 ", 26, 170883, 0.095557, 1.78828e+06
X, A*, gap, pancake28, "19 3 24 10 25 13 27 5 7 22 1 6 21 4 26 2 20 0 18 15 11 9 12 23 17 16 14 8 ", 28, 395280, 0.172704, 2.28877e+06
X, A*, gap, pancake28, "7 10 8 1 9 2 24 5 12 25 20 6 26 14 17 4 19 0 18 13 22 27 3 11 16 23 21 15 ", 29, 451143, 0.237852, 1.89674e+06
X, A*, gap, pancake28, "10 13 3 7 14 5 17 18 22 21 15 12 6 20 25 2 1 16 24 8 9 19 0 23 27 26 11 4 ", 25, 492453, 0.235905, 2.08751e+06
X, A*, gap, pancake28, "7 5 9 15 0 14 21 13 3 1 17 16 23 22 8 20 27 11 24 18 6 26 4 12 19 25 10 2 ", 26, 6156, 0.002394, 2.57143e+06
X, A*, gap, pancake28, "26 9 2 5 27 25 23 6 11 7 17 20 13 18 8 21 12 22 1 24 14 15 3 0 4 10 16 19 ", 27, 42417, 0.020211, 2.09871e+06
X, A*, gap, pancake28, "16 1 21 23 18 6 13 10 26 25 0 12 22 17 20 24 27 15 5 11 4 19 3 2 14 9 8 7 ", 24, 7074, 0.002572, 2.75039e+06
X, A*, gap, pancake28, "9 27 11 18 25 6 23 8 21 20 14 7 26 13 17 3 12 4 2 10 24 16 5 15 1 0 22 19 ", 26, 27378, 0.015746, 1.73873e+06
X, A*, gap, pancake28, "16 5 17 22 10 20 6 3 15 11 1 12 18 21 7 25 13 26 27 4 8 2 9 14 23 19 24 0 ", 28, 135567, 0.056871, 2.38376e+06
X, A*, gap, pancake28, "24 25 16 5 14 3 0 23 10 2 18 20 11 17 12 1 15 19 8 4 9 26 22 21 27 13 6 7 ", 26, 113157, 0.064715, 1.74854e+06
X, A*, gap, pancake28, "5 3 23 25 22 10 6 17 20 13 7 15 19 16 0 9 11 27 4 26 2 1 14 18 24 12 8 21 ", 28, 119394, 0.062578, 1.90792e+06
X, A*, gap, pancake28, "20 23 2 15 1 25 24 9 26 22 10 18 6 16 0 5 7 14 13 4 11 27 19 21 17 8 3 12 ", 27, 115803, 0.061877, 1.87150e+06
X, A*, gap, pancake28, "0 6 10 22 4 2 24 8 25 23 15 17 13 1 3 5 20 19 11 9 12 14 18 26 7 16 27 21 ", 28, 223047, 0.101513, 2.19723e+06
X, A*, gap, pancake28, "1 16 20 3 12 27 13 19 9 8 22 10 21 24 26 25 14 17 7 11 23 6 5 0 15 18 2 4 ", 25, 5940, 0.003745, 1.58611e+06
X, A*, gap, pancake28, "21 3 6 4 19 15 14 2 7 24 8 18 16 11 25 5 12 0 17 9 27 23 10 13 26 22 1 20 ", 27, 11691, 0.006303, 1.85483e+06
X, A*, gap, pancake28, "23 16 12 0 14 15 8 17 26 22 2 7 10 27 20 13 1 6 4 3 21 9 5 18 19 25 24 11 ", 25, 53541, 0.030336, 1.76493e+06
X, A*, gap, pancake28, "23 6 22 14 16 8 25 4 2 26 19 11 1 12 15 9 24 17 27 13 3 20 0 5 21 7 18 10 ", 28, 14040, 0.007786, 1.80324e+06
X, A*, gap, pancake28, "10 12 4 16 5 6 7 8 3 0 26 14 9 17 15 11 21 19 2 27 13 20 23 25 24 1 22 18 ", 25, 118935, 0.053384, 2.22791e+06
X, A*, gap, pancake28, "23 7 26 22 2 6 3 21 0 27 12 16 13 17 24 5 10 9 1 14 4 15 8 11 25 19 20 18 ", 27, 65934, 0.036256, 1.81857e+06
X, A*, gap, pancake28, "21 14 15 19 4 18 26 20 12 11 5 25 9 23 13 22 27 0 2 17 10 6 24 8 3 7 16 1 ", 27, 108702, 0.058214, 1.86728e+06
X, A*, gap, pancake28, "14 3 6 8 16 1 7 11 13 12 19 18 20 10 21 15 5 27 24 25 23 2 26 17 22 4 0 9 ", 26, 219483, 0.120356, 1.82361e+06
X, A*, gap, pancake28, "6 22 16 25 12 23 5 19 0 21 4 18 20 11 10 14 9 7 27 2 1 26 15 17 24 13 8 3 ", 27, 511812, 0.197541, 2.59092e+06
X, A*, gap, pancake28, "21 24 23 20 19 25 0 16 22 6 5 14 4 13 7 1 8 17 11 15 3 18 26 27 12 9 10 2 ", 25, 541728, 0.237031, 2.28547e+06
X, A*, gap, pancake28, "22 20 9 18 10 8 4 0 21 26 15 11 23 14 27 3 6 12 17 25 5 24 16 19 2 13 7 1 ", 28, 6777, 0.002431, 2.78774e+06
X, A*, gap, pancake28, "5 14 21 26 25 24 0 16 12 17 23 20 18 10 2 27 9 13 3 11 19 7 4 15 1 6 22 8 ", 26, 13743, 0.007707, 1.78318e+06
X, A*, gap, pancake28, "3 26 16 10 5 19 14 9 15 8 6 20 24 13 7 2 0 21 25 27 22 12 18 4 17 23 11 1 ", 28, 45036, 0.026250, 1.71566e+06
X, A*, gap, pancake28, "5 10 20 27 8 26 12 22 11 18 16 9 15 2 25 24 3 4 21 19 13 0 23 7 1 14 6 17 ", 27, 111213, 0.050763, 2.19083e+06
X, A*, gap, pancake28, "1 15 26 7 6 13 10 8 24 3 4 14 16 21 11 12 25 18 2 5 23 27 0 9 17 19 22 20 ", 26, 106191, 0.053495, 1.98506e+06
X, A*, gap, pancake28, "13 27 23 2 14 9 0 12 4 15 22 5 1 8 6 11 21 7 20 24 3 25 16 26 17 18 19 10 ", 27, 209952, 0.088917, 2.36121e+06
X, A*, gap, pancake28, "25 16 5 15 4 2 7 27 18 10 0 21 23 14 22 17 26 13 24 19 20 3 11 12 9 6 8 1 ", 27, 236466, 0.105177, 2.24827e+06
X, A*, gap, pancake28, "15 6 13 12 4 22 9 5 23 2 11 20 17 7 14 19 27 0 25 1 24 21 8 3 10 26 16 18 ", 28, 224424, 0.121818, 1.84229e+06
X, A*, gap, pancake28, "6 23 5 27 15 14 17 24 18 4 26 21 16 7 10 8 11 25 20 12 13 3 22 1 19 0 9 2 ", 27, 1226205, 0.503598, 2.43489e+06
X, A*, gap, pancake28, "20 13 17 11 22 1 4 24 5 6 18 14 15 0 2 10 16 21 12 3 26 23 19 9 25 7 27 8 ", 26, 14634, 0.008407, 1.74069e+06
X, A*, gap, pancake28, "21 13 11 0 18 10 6 4 27 3 25 2 15 1 20 7 5 8 19 12 22 9 23 26 17 24 16 14 ", 28, 47871, 0.024631, 1.94353e+06
X, A*, gap, pancake28, "12 4 2 17 6 27 0 18 19 10 23 24 21 8 3 5 14 26 22 25 9 1 7 11 15 13 16 20 ", 27, 121257, 0.066288, 1.82925e+06
X, A*, gap, pancake28, "11 1 12 20 22 21 18 6 7 26 24 2 23 9 17 8 16 5 10 19 25 0 3 27 15 4 13 14 ", 26, 182790, 0.093323, 1.95868e+06
X, A*, gap, pancake28, "3 1 13 26 9 18 5 27 7 14 15 6 23 12 17 2 8 4 24 11 0 25 10 22 19 20 16 21 ", 27, 135054, 0.074382, 1.81568e+06
X, A*, gap, pancake28, "11 1 19 18 10 21 17 22 4 15 26 14 7 3 25 20 24 0 5 12 2 27 13 6 23 16 9 8 ", 27, 243054, 0.115656, 2.10153e+06
X, A*, gap, pancake28, "20 9 21 6 25 12 27 11 13 1 18 15 24 3 19 22 26 16 2 4 8 5 10 7 17 14 0 23 ", 29, 248832, 0.114469, 2.17379e+06
X, A*, gap, pancake28, "9 10 0 2 6 15 18 4 12 24 20 19 27 14 11 5 8 3 7 25 17 21 26 1 23 13 22 16 ", 27, 433944, 0.160656, 2.70108e+06
X, A*, gap, pancake28, "15 23 16 8 5 19 20 2 13 27 18 4 11 12 26 21 1 0 9 6 25 17 3 22 10 24 7 14 ", 27, 4080726, 1.463304, 2.78871e+06
X, A*, gap, pancake28, "18 21 16 24 4 6 7 11 9 0 26 10 25 1 15 17 3 14 20 19 27 22 2 12 13 23 5 8 ", 25, 7182, 0.002589, 2.77404e+06
X, A*, gap, pancake28, "7 6 10 12 8 18 20 13 14 23 24 19 0 22 17 16 3 27 4 1 25 15 21 11 26 9 5 2 ", 25, 56700, 0.022786, 2.48837e+06
X, A*, gap, pancake28, "16 14 13 27 1 26 23 12 4 6 18 22 17 15 25 3 5 9 2 8 20 24 7 19 0 10 21 11 ", 28, 66852, 0.035959, 1.85912e+06
X, A*, gap, pancake28, "3 17 13 26 10 24 1 9 5 12 15 22 19 27 18 8 4 6 7 16 11 25 14 21 23 0 20 2 ", 28, 125982, 0.064010, 1.96816e+06
X, A*, gap, pancake28, "1 15 13 14 26 22 17 8 5 24 6 10 4 19 0 11 25 7 3 2 23 20 18 9 21 12 27 16 ", 27, 135216, 0.063108, 2.14261e+06
X, A*, gap, pancake28, "11 17 25 2 27 12 19 21 1 5 8 16 3 14 23 0 4 24 9 22 10 18 6 13 26 15 20 7 ", 29, 127710, 0.056310, 2.26798e+06
X, A*, gap, pancake28, "2 3 1 9 26 18 7 25 8 13 19 11 23 6 10 14 22 5 27 24 16 4 15 12 20 17 0 21 ", 28, 393444, 0.216860, 1.81428e+06
X, A*, gap, pancake28, "15 18 23 27 10 25 21 12 5 26 24 9 19 20 11 17 8 4 6 0 1 7 22 2 13 3 16 14 ", 27, 371763, 0.202057, 1.83989e+06
X, A*, gap, pancake28, "18 5 9 7 10 4 26 2 11 3 1 0 8 14 13 27 20 6 24 21 19 16 17 22 23 15 12 25 ", 26, 1016037, 0.370715, 2.74075e+06
X, A*, gap, pancake28, "5 12 10 11 27 18 20 22 14 2 9 23 4 24 17 1 8 25 19 21 7 0 15 26 16 3 13 6 ", 27, 24840, 0.013836, 1.79532e+06
X, A*, gap, pancake28, "0 6 1 10 5 13 11 14 19 16 27 2 21 22 24 8 12 23 7 3 20 4 26 9 17 18 25 15 ", 27, 59994, 0.024203, 2.47878e+06
X, A*, gap, pancake28, "26 18 7 25 13 10 1 20 16 19 3 15 14 9 11 2 5 17 23 8 22 6 0 4 24 21 12 27 ", 26, 27837, 0.016369, 1.70059e+06
X, A*, gap, pancake28, "22 20 26 7 21 0 10 3 27 15 13 17 2 16 14 25 9 4 19 5 24 11 18 23 1 12 6 8 ", 28, 55674, 0.025645, 2.17095e+06
X, A*, gap, pancake28, "19 23 18 1 13 26 24 0 12 25 8 7 3 11 5 27 14 15 2 4 21 10 6 17 16 20 9 22 ", 25, 15309, 0.008259, 1.85361e+06
X, A*, gap, pancake28, "10 5 25 9 6 21 4 24 27 19 11 1 22 2 0 23 18 12 3 14 8 13 15 20 26 7 16 17 ", 27, 29592, 0.016690, 1.77304e+06
X, A*, gap, pancake28, "19 20 8 23 21 27 6 2 11 9 1 22 24 26 7 10 5 17 14 0 16 13 4 3 25 12 15 18 ", 27, 226476, 0.085843, 2.63826e+06
X, A*, gap, pancake28, "1 0 14 4 25 19 16 9 13 21 5 6 18 15 17 11 8 27 23 24 20 10 2 3 22 7 12 26 ", 25, 332910, 0.141659, 2.35008e+06
X, A*, gap, pancake28, "22 17 13 6 24 11 25 18 14 5 3 8 26 10 7 16 2 19 12 23 0 21 15 9 1 20 27 4 ", 29, 500580, 0.270803, 1.84850e+06
X, A*, gap, pancake28, "10 7 8 21 14 17 27 26 18 20 9 4 5 1 6 13 11 24 23 2 12 15 16 0 22 3 25 19 ", 25, 1054458, 0.450076, 2.34284e+06
X, A*, gap, pancake28, "7 12 16 3 21 6 10 15 8 24 5 20 22 25 4 23 26 1 13 11 0 27 17 14 2 19 18 9 ", 27, 12744, 0.008326, 1.53063e+06
X, A*, gap, pancake28, "2 1 26 27 3 5 11 12 21 24 16 22 7 13 9 15 18 19 6 25 4 8 14 10 20 0 17 23 ", 25, 33507, 0.022408, 1.49531e+06
X, A*, gap, pancake28, "27 1 26 7 19 15 9 21 11 13 20 5 23 3 4 14 6 16 8 24 12 18 25 0 10 17 22 2 ", 27, 35883, 0.021025, 1.70668e+06
X, A*, gap, pancake28, "27 18 2 1 17 15 7 24 16 8 11 26 10 3 12 25 4 22 21 14 5 0 13 6 19 23 20 9 ", 27, 65205, 0.032730, 1.99221e+06
X, A*, gap, pancake28, "16 13 11 7 4 8 12 1 26 3 6 25 27 22 5 9 20 2 24 23 10 14 15 19 17 21 0 18 ", 27, 114696, 0.044677, 2.56723e+06
X, A*, gap, pancake28, "5 19 12 10 1 18 20 27 16 22 2 25 0 6 7 13 24 8 21 11 9 23 3 4 26 17 15 14 ", 26, 95580, 0.056359, 1.69591e+06
X, A*, gap, pancake28, "19 23 6 27 3 9 26 10 25 13 15 2 14 24 21 0 17 4 5 22 1 7 12 20 16 18 8 11 ", 28, 120798, 0.055277, 2.18532e+06
X, A*, gap, pancake28, "10 2 24 21 20 23 1 19 12 22 9 6 13 25 17 0 4 27 7 5 15 8 14 26 16 11 18 3 ", 28, 126306, 0.066461, 1.90045e+06
X, A*, gap, pancake28, "27 9 20 2 5 0 21 1 6 25 24 12 18 3 8 7 10 26 13 16 4 11 23 14 22 19 17 15 ", 27, 213975, 0.094511, 2.26402e+06
X, A*, gap, pancake28, "11 24 12 27 6 25 26 2 4 10 20 21 7 17 13 16 19 1 5 9 22 0 8 18 3 14 23 15 ", 27, 347436, 0.148093, 2.34607e+06
X, A*, gap, pancake28, "6 8 15 2 13 1 27 4 18 21 14 25 16 24 12 23 10 22 26 11 7 19 17 0 9 20 3 5 ", 28, 13635, 0.005518, 2.47100e+06
X, A*, gap, pancake28, "2 6 4 0 17 1 13 26 7 24 8 10 16 23 19 20 27 9 22 3 14 12 5 21 15 25 11 18 ", 27, 11421, 0.004298, 2.65728e+06
X, A*, gap, pancake28, "18 0 6 12 20 3 27 26 8 10 15 11 14 21 25 1 5 17 9 4 16 7 24 23 19 22 2 13 ", 27, 33264, 0.012114, 2.74591e+06
X, A*, gap, pancake28, "5 1 8 10 17 15 27 23 13 18 9 3 21 6 19 25 16 20 24 4 0 12 11 7 26 2 14 22 ", 28, 400923, 0.151499, 2.64637e+06
